13
3847.99
5212.25
3174.64
2815.76
6244.26
8696.39
6316.07
6079.04
4417.05
8500.39
7050.59
828.81
1588.27
441
6348.65
8244.73
4296.99
1121.21
6016.51
538.44
969.59
280.26
3608.68
1136.07
78.40
6407.36
3177.31
1356.28
7098.82
2925.31
4806.88
4614.47
1203.81
8861.17
2887.89
8889.06
8061.24
1495.35
8215.46
4888.73
2351.56
4376.74
1439.27
6697.50
1230.22
5682.40
2297.07
4965.14
435.48
4670.98
9618.96
2852.25
1760.73
975.66
8436.26
1175.77
8542.25
5424.12
6518.52
4520.10
7409.83
9231.89
292.87
7228.32
7410.03
4485.95
4993.93
1237.69
7655.27
5657.43
750.99
4385.91
3741.23
1929.05
5247.59
8882.52
8770.25
3325.76
7559.75
8028.63
5016.99
1773.34
5519.64
170.16
9074.88
2245.99
284.65
1085.33
9714.55
3407.94
8659.96
5401.33
114.64
9315.81
8002.91
823.02
6778.00
3353.30
8110.79
5439.76
777.96
3915.19
3231.46
1203.80
4324.29
6961.29
5782.04
6773.39
4372.64
8334.07
5855.68
4922.11
3904.35
3146.68
1585.66
446.53
8887.29
7326.77
4288.84
7302.12
4721.39
4524.14
2916.23
6766.46
4186.62
1889.15
6859.59
8831.15
1205.88
8303.32
3454.54
7851.34
3919.10
7298.98
1467.45
2409.92
5112.67
9767.81
8554.10
9813.04
9992.68
4173.66
6323.07
6376.80
2151.29
8459.67
4069.26
7568.28
196.53
7589.14
3224.96
5915.93
3408.94
2324.83
9625.16
9441.87
8409.19
1055.87
9467.44
291.39
9252.15
5880.15
4129.07
3451.57
9244.98
1989.17
3661.53
6621.46
2516.80
1019.58
5509.78
829.51
7046.15
162.88
9183.65
7173.19
308.96
8377.21
6260.13
6882.03
9558.14
4631.19
6491.75
7688.45
8348.24
8141.67
887.79
3296.75
2911.58
7215.42
7808.04
6564.33
7156.34
185.02
8557.23
7667.89
1485.33
2059.43
1514.71
5968.40
755.16
8280.21
969.97
1248.07
2419.86
227.48
1456.83
8756.31
1598.07
997.98
1682.58
2220.84
4235.94
5596.13
9262.55
2068.29
8651.83
2789.03
8538.34
8924.94
9425.23
9680.00
3271.98
3165.97
6595.59
8869.80
2749.00
6682.96
1819.34
8065.64
5499.59
1878.52
8370.61
8703.94
3939.82
3037.99
5626.52
2576.15
3192.70
7403.83
4705.10
5606.10
4353.24
2084.80
1915.92
6674.05
3256.40
9375.41
9676.36
5576.64
8819.52
7357.32
3750.96
2279.04
12.40
1261.40
9799.56
7762.15
7174.67
4892.83
305.63
5731.33
4272.42
4023.99
9881.87
6349.58
1357.24
9512.97
7555.96
4141.31
8994.08
3150.36
1792.19
4419.06
2695.42
1186.20
6490.09
1186.34
5225.98
1373.79
6330.19
9564.24
8161.62
9832.19
9765.02
424.26
3673.43
5876.53
2111.82
3027.74
4333.73
3461.39
8089.65
5397.78
9466.73
838.54
3735.77
1083.69
9681.98
6302.29
2099.76
5371.87
6167.79
9725.98
9116.92
7626.48
1178.85
7410.27
2732.29
9609.96
4880.46
5348.27
2174.68
7939.26
5496.99
8551.51
4028.43
505.81
701.91
4924.27
5759.75
7686.67
4459.99
3012.21
5104.01
8959.68
1722.74
1226.68
6078.92
2051.04
3694.89
3794.22
1299.10
2109.08
4850.33
7306.46
2835.50
1368.03
6612.60
4644.69
9763.80
8836.22
2912.80
5824.43
8085.84
3295.34
5171.61
9849.70
6801.35
7699.04
3161.77
2206.94
2057.09
1360.15
5090.64
9193.32
4740.35
3762.18
4245.07
3675.52
9084.45
1783.46
7021.63
3047.39
612.87
1059.18
3333.27
2921.89
7727.34
7136.28
2339.64
1053.65
2169.37
9005.42
9038.63
3453.97
5993.72
1312.62
9095.63
8868.05
1358.26
9050.87
2263.77
1565.60
7704.09
3687.92
8434.32
8711.96
5209.36
7314.51
2537.08
2770.15
5454.52
4875.93
8843.52
3428.49
7839.42
332.90
7242.48
377.85
8056.11
9159.07
7831.86
7784.70
8175.49
465.26
9385.60
9497.88
1422.26
9328.85
1414.33
2772.56
1076.62
2490.49
8224.62
3386.70
2624.46
9211.61
4980.82
277.32
7374.54
6591.19
1282.00
7365.86
1246.55
5895.98
958.01
9038.47
4753.12
5624.68
229.21
4589.97
4816.88
3965.95
6629.80
4451.98
6251.90
4680.36
6951.41
4502.38
7033.98
8079.60
1999.32
814.02
1097.24
264.51
6208.57
4309.24
9632.23
3781.71
9481.30
1380.09
2192.03
5956.88
4410.24
119
2374.72
441.01
194.15
6965.16
1209.42
2330.09
6485.39
1473.29
8881.26
1883.81
8697.83
2276.35
8592.80
1265.40
6244.99
4165.53
6716.98
2138.18
391.93
1626.65
2535.17
2850.34
3735.51
5864.92
9904.98
3233.28
2856.64
4460.73
1452.39
836.52
5077.82
8975.55
4248.05
3594.69
7359.28
3017.28
320.67
5.77
2343.92
6250.32
8017.79
4582.70
7936.11
9900.30
3072.20
912.46
8331.79
3260.71
1435.86
6272.01
2988.21
9331.11
758.70
7887.12
26.01
280.55
8037.66
5111.08
3278.68
6435.97
3725.82
8192.85
3645.29
639.16
3590.74
5729.53
648.22
9226.50
7936.41
601.81
2803.09
3569.33
9861.54
8071.93
9569.30
9255.50
4323.19
4250.11
5457.64
5748.21
4131.73
9527.97
316.01
5602.73
2561.95
3511.00
8702.41
190.52
3525.57
6666.04
375.57
3138.35
1440.04
2470.86
2550.76
6507.98
4820.64
6421.53
2659.03
3137.97
270.51
6664.16
2017.81
9352.18
8166.93
9253.76
2456.12
260.64
5439.41
1926.68
253.69
8298.35
5750.37
3944.19
4040.91
3239.13
326.71
5448.94
1832.48
961
9715.38
4952.55
5703.06
9155.47
8863.13
592.12
8616.46
1860.89
8476.76
894.43
2281.08
7085.31
9321.71
358.75
3130.11
1809.39
3433.17
8565.88
6918.49
4603.91
7379.67
8776.83
9175.00
8621.34
4834.26
9887.13
9386.37
6069.91
5733.56
5389.55
7552.13
1834.58
268.63
3698.14
3562.47
5212.86
191.64
6981.15
9013.60
9455.02
3836.52
7604.29
528.11
9733.35
5676.60
5695.16
1614.20
7250.94
4006.82
3535.10
2513.52
1212.39
7640.71
3402.11
1800.39
2478.29
4616.07
1521.71
6016.28
3202.20
2586.79
6825.34
7075.85
9320.32
4118.95
3681.87
5609.78
781.57
9987.18
7487.86
3884.17
4003.99
7636.52
3337.89
5281.67
4450.33
3433.83
6392.03
9756.16
2827.90
916.70
6298.51
1407.30
7132.26
380.30
3333.75
4816.06
1673.60
7490.60
422.20
6261.37
4671.43
9189.77
7915.14
4019.78
2539.01
6736.85
2046.05
4848.29
4364.32
9025.72
4783.55
5905.18
5793.96
4271.01
8992.28
3871.62
4600.79
7427.41
4862.37
9598.17
5525.92
1780.43
245.70
3902.80
140.10
5525.40
8487.79
9223.90
5476.23
5860.23
8198.15
4581.04
21.44
7283.26
3106.01
3512.70
5484.72
891.46
9554.57
4097.90
8922.02
8956.09
9102.87
585.43
6206.37
2044.50
5558.12
2177.90
9266.02
9711.64
3354.64
8607.52
5753.88
6666.83
7962.58
8718.47
7268.78
6768.60
7428.54
5129.79
6877.35
1133.33
8065.83
9628.79
7824.63
8754.83
3680.46
4224.05
6445.06
6546.49
243.85
5663.26
6213.35
9.17
5868.49
952.19
2277.87
4739.12
8179.74
8351.23
9749.40
3781.94
8249.94
9428.89
9012.41
8164.57
2545.09
9278.89
6221.54
5550.27
7692.20
6031.05
2878.20
9393.34
278.41
6973.85
9482.58
9964.69
1669.98
9942.43
6516.25
7706.06
5453.23
6996.80
4085.52
5829.01
2169.15
5441.09
3521.31
1169.69
1979.76
2194.18
9625.86
1818.22
2489.67
9217.71
239.14
8949.45
1292.11
5969.11
4985.65
6522.73
5131.16
9028.05
8237.45
4630.83
2879.97
1953.19
4592.54
9861.91
9190.91
1155.15
6623.20
1582.09
5922.20
308.53
7809.07
4772.89
327.97
898.71
2322.75
1938.69
1074.69
9465.13
3107.00
9345.25
973.92
7523.02
6831.79
7511.63
6413.79
6610.70
2221.35
3464.66
6339.59
5062.33
8799.70
8441.57
4921.75
9045.14
3900.08
453.68
9078.44
6524.52
8197.00
8176.17
1796.47
7889.94
1519.50
1460.81
2149.17
8691.75
6187.74
6504.56
4000.58
8555.52
8846.12
5652.98
9946.36
5039.62
9416.13
6238.83
4209.69
8272.20
5914.93
386.81
595.07
7142.05
7357.02
5659.48
4472.95
902.89
5138.45
9052.74
8081.07
3406.06
3622.31
9996.84
3118.86
7625.58
7207.58
8110.06
8050.06
1145.38
3177.47
832.07
1561.79
5046.17
8577.00
3944.06
1923.96
4807.79
4521.10
2201.36
2573.24
1923.91
8747.36
7935.50
7350.95
2684.53
5679.85
6526.54
5004.84
176.59
6643.78
2618.76
6081.94
4130.00
1967.48
921.97
5462.10
3073.99
279.91
7363.87
6579.18
1667.94
9385.56
604.64
8733.70
9800.38
7741.13
5752.35
5715.90
7970.07
1882.80
7809.84
3695.94
390.51
1742.85
3075.44
4373.75
3120.54
5919.32
1241.57
1553.88
6908.45
2121.66
3940.83
8844.71
4678.21
7550.39
6731.60
6507.30
3252.24
6558.79
4411.08
9610.16
4822.25
1480.40
3329.59
9030.13
8005.42
9883.79
2411.82
1400.04
9902.18
5236.57
7709.18
2306.05
8242.32
6720.37
7669.67
8558.28
9144.52
3095.24
7354.48
540.45
9087.97
6154.51
6685.76
9186.27
3580.99
3838.30
8191.01
6261.40
2161.14
1359.12
2420.75
1852.39
1191.51
9234.30
3038.74
3948.04
5241.53
732.65
6985.30
3661.30
5296.70
4497.69
8918.20
3341.42
1945.47
2893.73
190.42
5314.75
7415.02
5846.94
3933.57
6781.30
3444.40
3503.86
5598.61
4328.94
2026.70
2884.19
2929.85
1431.35
1506.36
4908.43
9910.20
3581.98
4676.99
8163.86
9419.51
689.96
5089.66
2676.55
2225.46
8988.24
2365.29
9217.30
3999.61
2437.46
468.34
5025.51
7198.81
65.74
8709.79
772.96
6352.37
4119.34
8393.36
4392.06
8653.86
7544.60
8377.05
9186.25
9014.47
3266.44
4909.78
418.40
4906.52
6401.32
7413.51
5496.87
6496.05
5506.75
533.54
2064.20
6229.18
9407.49
5773.94
5084.78
3271.48
9551.46
7592.39
9518.46
3144.48
1073.78
9306.17
5594.25
5841.83
7766.04
5597.80
2954.41
2712.20
8907.51
9440.45
8850.22
910.48
6199.43
5069.54
1014.88
48.15
5785.65
7983.69
3067.90
7152.94
9242.01
2836.45
6488.13
980.67
3096.33
7089.02
9034.13
4715.46
9158.51
9536.99
6630.07
4390.66
6708.95
1056.96
1473.76
3442.75
8805.65
7698.59
4728.75
1325.06
6417.63
7532.73
3006.08
4285.76
2284.75
2950.50
9201.31
6633.25
7758.75
4607.19
3267.14
9649.68
8562.22
1031.08
124.78
1449.65
8288.20
9072.09
8390.13
4748.30
4765.86
6185.88
1631.52
5772.72
3924.61
8335.44
1404.04
6282.83
4532.59
155.99
5806.27
4327.45
7791.72
5549.29
4652.02
1986.46
5328.62
3314.89
9934.72
1495.23
3952.34
7381.80
7689.50
2995.36
9893.43
5900.41
676.81
5382.67
2599.10
2405.94
6963.36
3650.09
4579.87
334.97
5157.68
6.24
7287.57
6462.94
2162.98
6664.49
3991.90
872.40
7725.91
2968.30
6893.68
1966.91
6334.58
5831.30
2012.46
1638.30
5171.78
970.20
1707.44
9652.48
8927.42
6578.03
178.65
6714.99
2998.12
4415.67
4299.30
7494.33
8559.79
7654.32
2121.53
7256.90
7859.20
8184.19
1341.41
547.39
7584.55
4288.98
5988.96
2135.67
490.93
6010.64
5435.07
3178.88
2694.31
9194.30
6377.69
7000.64
8572.67
6312.22
4440.40
9430.09
927.49
4644.32
5257.05
506.64
1491.29
2293.69
9362.09
5185.64
4109.75
9687.57
8545.65
8036.58
8039.28
1299.46
5152.71
4637.98
1885.54
5342.25
68.60
3866.01
1541.82
2821.41
3981.57
6718.63
6579.57
3931.92
7428.33
4469.08
7992.93
5437.12
9932.76
3891.08
6669.43
4656.73
7764.65
4127.41
9739.29
6579.78
675.58
8612.05
6645.78
6989.82
9059.11
8153.73
847.05
3961.42
1647.01
2514.87
7650.12
3999.06
8054.27
1031.85
3746.88
6232.29
3740.98
5008.23
2207.94
4355.49
5421.29
7981.82
1182.71
2692.82
5096.24
4498.08
4166.10
3563.26
5486.06
1224.62
3609.64
4308.39
983.42
5370.00
7351.40
2469.80
5431.57
9624.64
6334.74
2883.99
9393.35
9135.88
7905.44
2103.13
9244.62
2679.60
5205.71
5488.49
2471.58
5327.19
8680.16
6411.91
4816.58
201.47
8098.60
1281.69
4839.98
3702.51
4542.65
8511.34
3955.58
9976.51
6681.87
9296.49
4514.08
5649.97
4151.11
5114.24
2344.66
3770.76
2869.42
7553.48
7366.33
3707.42
1717.03
1985.68
2599.17
4098.99
2522.42
3541.06
1722.90
4099.38
85.89
580.26
8712.87
9545.92
957.64
230.75
1639.62
8469.39
4319.08
664.39
2114.37
1457.93
7398.96
7270.22
2524.85
3614.06
4376.98
3887.25
3255.72
9116.30
8224.43
6885.51
985.13
2665.76
5046.80
2913.44
4357.17
5051.82
9536.23
677.48
8991.25
5281.44
2314.21
6270.84
305.35
5867.04
5654.54
3660.20
5573.46
6490.49
4527.88
7226.30
7566.90
7355.54
1187.34
1833.81
4423.66
135.26
4850.05
5475.32
1143.91
9359.83
7023.82
3527.03
6863.75
9403.05
9365.08
6990.14
6732.42
9873.40
5118.75
2306.10
8728.19
1458.45
7986.13
710.26
6473.69
6898.93
9317.12
5826.24
6972.95
7904.28
7344.94
1698.73
2872.25
3416.80
5073.24
5699.59
8952.39
8008.16
768.04
4399.00
3201.36
9180.34
3752.60
6612.93
2451.67
1855.88
74.24
1929.37
8004.14
6364.55
6415.01
5936.94
1003.74
8945.25
7732.79
7555.42
2480.59
5869.87
1672.64
1459.28
5914.48
3339.80
3241.41
1162.72
8581.78
157.41
7466.92
5983.01
2998.91
2034.77
3213.55
5049.81
6800.25
3231.31
5942.67
5780.02
5848.97
3961.09
3969.19
9196.32
7204.65
9588.75
550.74
3686.93
4832.25
3040.25
1905.18
7333.43
2616.03
8620.67
1257.87
3312.66
4522.54
6216.72
104.35
5991.13
2933.84
9966.01
7150.47
1808.15
6806.25
2414.95
4643.36
7159.66
3654.85
5231.30
467.52
8066.60
2727.70
5770.58
1520.31
9120.60
188.58
9290.78
8916.70
3257.66
4527.45
4044.04
1661.51
1896.74
217.64
9556.89
5792.73
3369.55
135.85
8248.44
9391.68
2019.57
5623.96
973.11
6916.09
8457.86
9797.41
8242.20
8868.50
2730.12
2943.00
5642.28
4235.43
9204.92
3082.71
1983.05
8503.15
8359.01
1987.30
9206.91
6528.69
5065.33
2016.80
7966.11
8958.31
5400.44
6251.68
44.86
1836.99
9738.54
3402.03
7813.68
6742.60
7767.19
453.87
1555.78
8652.98
2087.88
579.42
1909.37
7287.65
1104.65
7333.54
5178.04
9704.22
5471.52
507.45
7502.29
6865.44
7654.24
4586.55
4163.32
5785.87
3653.78
2213.77
4700.01
9553.54
1769.20
640
1226.42
7663.08
4910.97
1308.97
327.70
7480.04
2566.44
8680.66
6537.80
5746.10
2161.34
3948.39
2080.31
548.44
3735.32
2744.76
5978.94
4236.77
9240.49
2434.15
7567.41
8831.72
4867.20
7268.98
9244.70
4436.59
6590.34
7498.29
6106.17
1743.98
91.49
1807.51
1114.50
8646.20
634.79
3340.86
5106.88
3545.20
3328.93
2984.07
1689.24
6983.79
8512.94
3120.54
4943.06
8000.89
8937.80
3243.36
3832.09
7263.72
7576.36
5105.82
5871.09
4499.59
1795.94
707.84
5520.01
7421.58
9167.60
1753.68
9344.65
85.35
5771.64
148.58
5900.50
6286.87
8438.72
2611.09
1974.14
5228.03
6742.04
9828.11
4132.26
5138.12
6967.76
7582.78
229.43
4406.96
893.91
8298.17
9627.34
4589.82
7108.59
2021.45
3162.43
9033.99
9648.08
1346.94
8955.79
6830.49
8796.46
6897.72
2907.94
9833.41
4296.91
488.56
7684.48
3257.07
1652.39
3121.15
944.11
8115.25
2837.35
4110.79
9031.15
4172.31
9101.12
8924.35
7608.96
1011.55
3558.32
5254.77
5540.66
4927.78
8857.15
9915.80
5984.09
2143.40
3209.90
3652.40
2921.92
9341.11
2609.76
3967.91
7301.50
2068.68
1193.96
6397.28
6699.88
8972.30
3787.54
6446.12
8441.45
3619.61
7113.25
9599.18
8982.27
1408.24
8169.13
9373.39
3711.28
2877.19
1670.17
1458.25
7241.21
434.46
8995.06
6470.44
9426.64
1968.49
2618.72
7780.42
8391.58
1432.44
1970.42
3165.21
455.13
3356.87
3356.98
9718.17
5023.04
4236.26
8161.54
1556.67
3813.78
9278.22
8510.31
7471.30
9730.00
3064.88
8765.61
2022.72
4419.38
8988.29
3162.78
2604.06
7009.76
1307.39
3262.76
5601.45
9742.63
4446.40
8248.94
2991.01
5106.62
9735.31
3564.99
5912.94
730.62
2394.55
431.47
3027.18
1327.44
5750.86
2909.42
6757.86
4236.73
5787.87
1597.14
6406.85
4571.09
8827.86
5352.43
1692.16
1979.49
241.37
2713.94
4638.90
7882.91
9528.67
222.64
4572.85
1079.19
9448.24
3576.22
1399.50
4883.99
4354.55
1095.15
9499.53
9385.83
1334.47
4856.10
2988.53
7106.88
8524.59
3297.03
9476.61
289.73
4855.56
8526.69
2963.30
9796.48
8091.47
4711.13
6418.65
7900.41
3130.01
2691.98
3973.51
601.28
6513.31
6528.41
4561.75
8933.49
407.02
8499.84
926.55
4509.74
7691.66
4988.20
3754.11
9192.11
3113.59
39.56
3430.04
837.89
6560.61
2820.07
552.79
7860.73
8967.85
6123.17
7498.48
6715.12
5031.59
1065.87
1337.05
6731.87
9646.79
1371.08
9149.08
8896.71
9382.46
3022.85
4014.44
229.94
7771.83
5529.03
1345.36
4945.52
7778.18
3928.47
1366.63
9521.18
5128.99
9916.79
3887.03
105.03
3890.37
7567.90
8154.08
5054.00
6750.09
2740.69
1017.99
9905.66
5000.83
3014.19
2383.98
4060.01
3785.40
1430.30
4601.73
9225.29
6037.32
1242.83
4876.69
9813.04
3631.41
720.54
989.37
7901.89
9889.41
5269.90
271.23
1653.50
8284.52
5704.84
1494.28
1905.45
1035.64
1348.13
2555.18
965.43
6386.95
1291.29
4253.96
7166.54
7870.43
2869.03
7665.46
1181.17
829.54
728.42
7296.39
4076.98
3469.64
5207.22
6229.14
6348.89
1712.71
1556.93
993.26
8135.90
5496.89
532.80
9002.16
8713.26
131.38
5373.51
3025.01
2231.12
1695.95
7281.57
6185.91
3450.24
5561.93
4587.96
2465.45
9198.95
535.76
5717.14
3155.87
1698.64
4655.09
3228.85
7916.57
3526.18
9350.03
7849.91
8533.09
4341.43
3641.01
4297.05
2876.40
7887.75
3754.69
613.56
9591.75
3478.16
6123.82
8882.77
8539.93
9591.31
7401.70
1051.13
4456.74
7664.46
734.29
5976.40
3973.95
6575.72
2684.01
3669.33
1580.53
1144.26
4278.73
2887.17
3278.79
4194.65
1936.25
2270.21
8938.30
181.09
3875.78
447.01
1831.55
6199.36
5880.86
7760.90
3770.05
5379.28
5138.67
2624.81
3511.10
1549.57
2508.80
5088.31
9669.17
8581.76
7057.32
5746.17
333.52
7017.09
3732.72
9470.64
2759.10
6075.79
673.20
4529.61
634.49
8617.69
2831.65
6128.15
5350.56
4001.29
7392.02
53.78
8000.46
725.77
5427.27
918.38
5091.86
4872.01
1988.21
7540.18
7633.93
2748.07
8940.42
2292.47
3942.26
4316.97
332.81
2944.08
3127.54
3444.33
9449.38
2253.09
4389.87
3430.22
4614.51
8307.80
2115.47
3690.21
955.75
6432.21
1879.14
908.35
5798.80
8416.49
1560.12
7525.57
3325.12
6784.11
8993.29
7291.16
8836.92
9551.92
9313.27
7725.48
5102.87
3403.28
992.79
4035.28
4782.16
3938.14
53.57
938.14
8500.10
1657.04
4222.29
6201.51
1358.17
3551.67
215.68
7752.56
6907.59
5824.66
5607.33
6915.40
3020.60
1897.80
1321.59
5600.83
9045.48
2891.08
4541.05
740.68
7051.47
5494.42
8081.23
4712.29
1763.91
9356.28
3262.52
4015.92
21.02
512.83
9633.15
1051.30
4094.60
6230.31
9806.61
8223.54
7949.73
4260.02
6952.86
6921.78
7856.40
5549.49
1956.32
4707.69
4880.47
984.76
1793.86
5329.63
2273.05
544.25
2145.25
4371.65
8735.67
9426.88
9738.19
3672.81
2802.62
7949.63
7458.22
2945.03
5160.50
931.86
9457.02
4231.28
7619.23
9225.02
5982.91
9611.49
9506.34
7737.54
5482.62
1814.38
7801.04
4268.28
8959.52
8771.24
5497.42
7204.33
1140.75
6125.07
572.10
286.70
7209.52
9459.41
9410.29
5628.41
417.63
8874.13
3171.25
5701.79
3024.25
4972.06
881.93
9419.98
2732.39
1199.44
2682.85
9707.85
1409.96
6832.69
9010.73
9679.80
4867.09
3235.42
923.34
8707.57
6536.73
2434.68
4109.38
941.58
5911.20
9942.38
1988.81
9813.58
6497.81
1910.56
6440.72
9731.45
2527.63
4706.92
1910.14
8876.73
1994.42
9901.80
7465.29
2517.87
2383.57
3680.09
9085.57
7569.39
8978.58
1084.19
7039.87
1356.76
8792.51
5721.35
2608.82
2207.88
8258.92
3222.65
4280.55
6348.26
9855.39
4713.91
8067.08
2953.93
8468.65
5442.46
8059.96
6108.17
4408.33
0
