441
1459.48
4830.64
7692.55
9879.26
4259.70
9339.24
387.44
3026.92
7272.53
7896.90
7929.55
7236.11
4267.30
1131.90
9829.77
6236.01
5910.61
1495.68
5026.99
3553.98
7087.10
4321.85
9682.77
9701.74
3296.77
1768.20
3293.22
4073.67
2696.59
1109.13
6204.65
5634.66
185.98
8385.38
9880.82
3609.71
8681.21
2023.93
5045.39
3407.67
1536.31
6237.97
5865.01
8444.45
4448.11
6780.09
8726.01
7555.02
55.54
6491.68
4990.78
5028.59
8208.21
7962.88
3368.03
9962.17
9343.19
7944.24
509.57
868.29
2635.90
1140.95
6385.90
5766.93
9556.53
8517.35
4553.82
6855.59
2941.00
652.12
9707.91
6420.79
4904.74
6967.02
2660.62
5409.19
2269.56
6538.44
9437.74
3599.32
4256.70
5515.44
4898.49
5403.68
1690.93
5952.95
3241.45
4686.92
1865.33
771.34
1038.47
7324.58
5173.08
8327.39
8122.16
2864.20
8027.85
5881.11
572.09
5846.45
1390.90
4149.71
693.25
8794.48
5687.69
5416.63
8297.33
2413.50
1810.16
1590.29
2944.53
2887.20
5973.39
2085.81
1585.45
880.44
4062.10
1176.34
3783.37
3690.16
1553.60
3782.88
633.63
7369.07
4943.21
3488.89
6343.27
597.91
9989.26
6394.45
506.75
1617.46
7807.89
5589.23
3113.97
9215.18
670.73
2092.07
4845.01
2994.09
1421.02
5709.81
1046.66
7730.94
7857.45
821.60
824.63
9747.35
5554.18
1576.31
1092.27
3544.72
7362.33
2703.99
4161.60
7180.17
8284.47
1147.53
3756.14
2052.84
2416.72
9133.55
2497.98
4730.91
4254.79
6794.42
985.16
1928.47
3732.30
254.37
5556.07
1003.11
977.96
5592.09
8970.27
1873.32
2284.15
4531.84
8640.34
7130.67
4406.45
546.93
5678.61
9858.77
6387.95
4347.17
8717.96
5028.14
5570.59
4493.73
1953.87
361.71
8064.29
2983.18
7496.10
1032.50
1346.80
3456.83
855.32
5018.41
1550.94
8221.57
6816.12
3510.31
3640.00
8092.54
5794.39
3459.06
9677.50
6536.54
5668.22
6442.70
2042.81
1269.22
7044.57
5543.32
7112.22
2945.01
883.32
8204.31
2255.98
8864.85
9270.98
6774.06
7718.86
7599.98
6584.33
4827.81
3256.13
3740.52
277.71
4438.79
5720.90
1458.87
7038.82
4504.52
5824.49
5528.07
4596.26
7721.93
8840.05
3132.11
4708.78
8300.36
9823.07
2918.18
2944.20
1758.12
8543.45
4345.26
8932.65
6809.85
2510.31
4612.72
3622.61
3534.38
2577.22
238.64
172.65
1521.94
2572.33
7849.58
8047.27
2354.81
2607.71
9307.71
4669.11
8109.44
212.13
7701.35
9756.81
1978.71
1765.07
1516.89
953.16
4443.25
6919.76
7839.42
5313.90
3379.97
9190.30
4707.64
210.58
6863.48
3268.25
6026.56
526.85
8003.80
9401.24
8515.95
1961.25
4859.10
3152.53
8428.15
2429.43
2109.14
2040.71
2586.70
43.95
8571.52
1148.20
675.75
1132.39
8588.49
3555.78
4019.85
8195.72
6397.47
3107.33
9418.05
6639.26
3006.37
3537.17
3366.05
8582.24
2410.82
4635.04
5329.18
929.28
3047.11
9062.59
1759.18
2430.55
1018.74
6421.56
8038.16
6518.54
4293.91
1267.45
1171.36
4569.28
4839.20
3566.74
4785.51
4150.86
1317.61
580.47
7217.16
5515.99
2530.07
5265.01
4390.78
1572.34
9413.46
4219.66
317.25
9883.94
9290.99
1030.74
3962.83
523.57
1109.36
4317.45
8754.38
4155.18
8504.93
9351.47
9593.83
1424.15
4879.66
8449.38
5444.45
9027.00
7413.72
251.77
8547.34
4330.92
2472.71
7408.33
3207.02
3074.16
5019.49
9694.81
547.09
5245.14
6091.13
2601.59
5482.80
5500.66
8918.76
4195.98
1087.59
2992.62
3179.47
1450.41
9578.06
5975.67
9733.55
7630.66
6201.95
1077.93
2800.82
7499.57
9350.21
9581.66
5826.40
4356.19
6802.12
9319.83
9594.72
5064.54
1703.44
6661.78
5754.03
8017.72
4517.77
6482.64
3777.74
447.62
2318.35
1636.74
2946.57
5929.89
1231.78
8765.58
3189.13
4915.00
1919.65
1620.43
6534.25
3570.71
2245.50
3824.46
1782.84
6129.47
7821.38
439.03
1025.84
6364.87
1606.69
6731.35
4976.63
7801.64
3262.25
7646.25
2855.45
8347.58
9934.90
9775.29
1968.76
4529.71
104
7606.49
3807.59
2407.87
1080.14
5963.18
7710.16
4562.88
4460.20
5744.71
2625.51
4978.25
5038.74
9848.17
6666.43
5007.68
1954.38
1004.49
2078.05
9966.62
1122.24
5658.39
2328.58
1337.03
3436.41
4410.42
937.93
366.78
4990.11
1393.52
5603.93
1957.52
5446.19
2626.15
3283.05
9218.51
7946.59
1500.05
4793.85
1506.49
1240.50
8653.64
8637.73
1166.86
9686.57
7775.52
8747.56
9799.24
4400.31
5686.69
2863.77
9427.46
3798.84
7067.70
6611.57
352.10
473.22
2574.21
4150.66
8721.90
1106.56
8827.38
6022.43
3348.56
6174.87
8003.53
5073.91
2023.35
9977.57
2058.87
5073.27
2525.06
8154.72
6894.34
7891.31
8241.79
303.70
4990.01
5055.97
4039.93
1276.87
3981.66
2097.67
9915.35
870.58
6634.56
3113.33
3814.50
9617.58
6402.66
6450.54
5005.90
9944.86
6133.60
3416.68
4154.54
364.69
1918.36
2285.79
2918.07
2629.79
1150.76
3264.06
7143.93
7725.57
26
1722.15
2756.11
6337.57
3209.90
2296.02
4863.89
7609.23
7256.04
1284.61
4233.70
3210.03
9911.71
4178.69
3738.68
5479.10
9787.71
9306.44
8250.78
1773.17
466.34
328.75
3038.97
321.79
9786.84
2092.85
4611.99
31
6193.66
9927.06
1907.90
9366.71
2524.38
1783.19
2670.01
1942.02
8497.59
9569.61
1900.25
2159.30
1832.01
9093.04
5232.59
1847.50
5976.89
1946.45
6594.64
9589.57
8800.09
1219.10
9968.89
3874.38
1550.44
3591.86
9797.96
4837.12
1193.16
6919.08
1092.05
793
6903.68
7691.52
74.56
4229.67
1825.39
1622.84
8376.73
8575.22
2512.27
3333.06
8697.51
7994.36
8696.97
37.96
9834.42
2011.09
9949.81
6379.55
6589.58
5305.75
9780.98
5303.35
4850.30
2726.66
6309.39
7132.86
6165.86
5296.77
8139.25
6280.09
4537.67
8359.89
1072.75
7977.43
4752.37
3160.74
7267.57
8031.58
8091.14
4090.48
2168.73
3674.32
7821.68
1810.24
1053.04
1162.67
4872.67
6872.47
517.21
883.34
4600.81
4506.56
9243.71
3701.31
4916.64
1389.83
3968.43
1142.92
5326.90
9610.01
6873.12
15.95
2581.08
8135.49
8274.46
1883.07
1475.68
3404.67
9349.77
109.01
3310.22
7588.35
1175.38
9404.77
2673.44
3978.17
1476.48
9553.17
9579.60
5873.61
3149.95
5850.09
4939.51
214.65
7207.79
3458.71
2345.62
1546.64
32.06
7068.54
1291.12
7164.16
4348.42
6266.05
1247.25
3200.52
2823.23
8286.46
450.31
9482.99
752.03
8536.72
6120.45
7127.18
9955.11
992.59
2850.56
9775.37
9632.17
3033.03
2246.74
8305.09
1308.15
6861.17
5135.87
5633.47
2586.44
2346.29
4564.92
9987.32
6086.04
2790.89
2951.67
3188.00
6958.58
4387.61
7482.02
9640.11
5543.78
2532.07
951.13
4896.00
3093.72
9708.69
9825.98
6933.61
595.66
891.86
2956.89
6550.22
6941.62
3493.19
5745.49
6643.09
3678.48
6250.89
5541.07
5252.83
4847.38
4433.03
9677.27
6390.62
4094.58
210.84
2184.93
2644.28
8491.09
2583.06
5698.25
5985.42
8055.73
264.81
59.02
6867.68
5591.69
7233.85
7326.83
7302.88
1426.54
9857.79
5485.96
5983.44
9870.46
2942.65
4417.89
5938.37
1123.29
4318.53
5583.93
3115.49
3425.24
9568.56
9484.98
5822.74
9184.15
4894.96
4042.34
4866.34
4581.19
1493.85
764.91
8861.00
4368.18
5258.33
2888.09
484.73
9794.47
3223.85
8088.70
8950.26
2613.00
3377.28
3301.91
8530.70
8846.14
4044.39
4581.58
962.68
8087.74
6247.36
9020.41
6831.09
2814.93
1576.86
7075.66
7795.37
6249.25
4907.64
3229.66
7523.08
4239.33
7550.62
4918.54
3467.27
2014.18
6212.38
9911.44
8657.71
2036.63
1998.01
978.17
7679.79
9550.27
3566.23
5453.28
8153.10
4159.25
3027.71
2997.35
895.29
5709.63
76.22
6570.49
2994.72
2548.50
2916.88
389.14
6954.61
2511.23
1816.11
3435.23
297.55
6953.45
2086.75
4329.74
7700.94
8244.60
3841.33
5239.52
4606.82
290.12
5371.13
7864.18
3895.34
3674.21
2048.12
879.43
7147.37
5701.24
113.73
6378.62
7309.78
7497.66
2359.73
5602.22
6727.04
9134.40
1435.93
3637.81
9419.61
9968.37
3929.57
7727.70
2674.45
1370.74
1101.23
8591.78
9025.31
2895.79
5672.62
6015.57
2150.78
9702.59
8527.42
519.84
3323.25
4109.97
6462.07
5847.04
1816.48
5748.70
2050.24
3735.59
7422.58
5074.27
5446.80
5904.56
3122.07
6888.73
2853.17
4327.39
9577.89
7291.25
78.75
7819.27
7655.30
8778.22
4230.22
1045.93
8689.05
2038.81
7338.69
4440.16
2395.06
3773.38
4185.42
3709.44
9379.04
9575.67
2615.89
4969.65
1161.32
5316.57
7696.03
4339.45
5911.11
3085.34
9155.77
5338.21
841.50
6434.97
6520.84
7072.98
822.57
7046.70
9196.47
7811.42
5967.06
8622.63
1205.06
1863.75
9425.11
246.87
6513.97
4803.63
6697.99
2079.17
7382.66
5426.37
2207.65
8104.02
7670.99
4512.31
4313.28
493.58
1806.90
5345.76
2832.04
4399.11
9697.17
1604.39
8214.45
9083.71
3561.02
9617.71
1529.53
9251.72
9671.56
3295.26
8035.31
4172.24
9252.69
1689.70
8257.40
4999.15
3649.01
2440.55
4008.79
8388.58
1016.50
523.51
7347.79
6168.14
3200.05
8512.21
675.71
2849.21
1376.16
8278.55
8523.79
3139.83
6532.30
8775.44
4761.16
9686.56
4642.25
2083.75
5569.46
5604.24
9576.69
9734.86
3470.40
5098.77
5340.51
1449.57
7097.73
5382.20
2619.26
8095.46
9223.64
7263.54
596.13
8658.58
5475.02
1886.23
5253.44
9353.08
8979.85
7981.30
9641.46
4503.69
8857.16
5140.63
7363.75
8603.97
4356.17
1796.30
9842.11
6808.27
5411.31
1411.81
8846.31
6245.69
6641.81
2791.56
9254.19
2486.14
6640.97
7577.01
5903.78
5806.41
6694.35
4943.10
3959.83
2502.45
4976.06
5213.96
9444.83
2292.49
9424.75
1587.37
5455.93
255.65
1736.59
7561.31
3302.67
5118.30
7151.75
8824.13
6259.43
2318.04
2274.52
7583.44
9968.15
5415.02
3675.57
9069.16
6980.49
8121.42
3386.96
3654.15
2717.99
6350.19
9744.11
4527.87
1304.84
621.50
3611.04
6770.98
6071.20
2869.77
6064.15
8020.73
5800.69
9487.10
8660.17
3748.45
9537.72
8644.58
6440.34
3638.25
6438.20
6441.08
9287.76
2635.32
4155.19
9599.36
3868.24
7154.22
5513.14
9424.34
9623.93
8254.29
8855.07
7100.24
4564.52
1993.53
1221.23
8362.60
3862.08
1354.86
2236.96
2166.47
4582.84
7374.73
725.88
8215.46
5014.40
3752.47
8550.52
9352.05
7435.37
4188.96
4672.58
6491.13
4795.10
2333.83
5833.40
663.17
3270.90
9213.70
6513.60
489.16
6028.74
8683.40
6217.65
3328.42
7496.07
597.25
1281.34
4167.43
5737.06
1143.45
1314.09
4532.01
5290.64
7455.59
6500.38
4599.83
5443.67
1904.89
9852.52
3865.68
3878.45
6233.44
4921.62
7350.77
4999.02
8719.08
1563.59
1258.53
2060.26
2944.19
4661.75
8203.47
8577.08
2019.33
5840.46
3354.47
8189.09
8969.49
2271.75
7680.23
5745.34
1374.75
1881.43
4982.30
4261.39
2730.94
1166.53
7011.63
50.51
1060.87
2624.38
6456.38
1970.31
3467.68
4856.65
4681.60
1988.70
9185.33
2062.32
2777.04
5881.50
1070.84
7941.67
6290.23
3461.44
8329.01
4667.60
2109.09
403.51
377.33
2985.40
751.97
8064.90
5601.76
9988.95
4327.90
4478.89
5524.22
3155.64
6418.72
4195.92
8982.87
7336.09
8303.28
2791.44
5034.95
9767.36
5853.03
3645.04
6879.39
465.92
4106.13
7424.06
8302.67
984.06
2106.76
1485.19
9510.26
741.35
9130.92
1345.73
8360.59
4134.63
8488.85
66.99
6723.50
4090.03
3428.76
323.91
7798.99
8518.08
6925.42
39.94
1022.59
3185.83
223.07
1320.97
5774.15
3582.62
6313.29
7339.92
3391.69
1021.99
7937.41
1215.64
8893.30
1375.34
3164.03
2735.82
3280.29
211.28
8013.97
8475.45
1485.33
9899.28
7699.95
9326.54
1634.13
3179.47
2944.19
7541.37
2715.71
7391.11
6839.00
4241.04
3020.56
9485.01
8686.56
615.15
9159.14
5270.45
674.73
4975.35
2382.64
6189.14
3909.72
6160.52
5038.00
5161.93
4047.97
2277.01
6592.83
3165.56
5788.42
4948.39
7223.68
8849.09
2841.76
1471.61
9251.37
7302.29
1743.49
5004.51
1587.38
2305.94
4913.02
4104.91
2473.44
5965.10
4038.62
1240.46
8499.15
4568.90
7505.35
3506.84
9389.43
6477.31
192.52
4129.93
3637.11
435.59
9189.19
5644.51
8617.15
2547.10
3926.37
4430.57
8019.45
7953.05
2228.68
9341.10
3812.11
9738.32
2150.95
8437.80
9687.59
9901.30
674.78
6105.97
3413.83
8956.35
7459.23
2355.19
2172.18
1308.75
2094.71
9227.86
5112.93
9822.26
2347.11
4859.93
9974.41
2317.04
926.21
1256.35
1438.73
8206.08
2482.76
5421.25
3861.58
3104.02
8363.92
4754.42
4198.35
5808.94
4691.71
738.86
2228.18
6521.67
2329.71
2257.85
4687.54
5808.32
9685.54
3417.15
8224.05
9363.04
3579.15
9204.05
3736.79
0
