487
8956.61
9370.01
7685.64
3969.81
3852.33
6399.73
391.91
6825.85
6880.69
7395.77
2853.92
554.45
9980.38
1590.00
9100.65
7111.43
8612.41
7224.94
1870.85
2138.97
1157.22
503.80
5254.46
5225.96
3476.16
8066.77
2361.79
3622.70
9097.77
807.60
4276.66
4967.79
731.69
320.62
4664.08
924.38
3896.35
1621.66
9142.78
2501.39
797.34
7973.03
9032.62
5744.85
1635.40
9820.21
7821.50
7393.79
9063.70
5443.72
7312.87
8999.62
6968.73
3173.87
2043.02
5247.73
2593.62
8828.47
1257.56
443.44
5305.07
7092.70
8173.73
7591.86
1618.49
1778.82
77.58
7806.24
2632.14
9455.37
8326.88
7281.29
2986.40
3626.81
8785.60
8433.75
7350.74
5358.97
1220.56
3054.07
336.98
3920.79
1091.28
5269.53
4192.18
5653.15
4510.99
6764.04
6926.51
4781.45
3824.65
5860.69
6486.03
6921.43
136.62
8869.48
4371.10
8858.11
3924.46
9092.53
1528.44
8639.69
6886.68
7901.42
7756.39
8677.03
9526.45
8106.18
2610.51
1237.63
5797.54
5219.30
153.61
185.91
9396.02
4893.20
389.99
3039.19
360.72
4094.12
3796.11
7702.81
9611.34
288.76
6093.73
8899.06
708.46
128.23
603.44
2597.28
9648.01
1395.48
2866.04
788.47
6521.09
7157.13
1835.59
7050.50
6164.41
2706.38
3035.45
4127.11
9107.74
7693.35
2364.94
2862.60
7608.28
2707.88
9824.07
7204.78
8086.86
3550.66
9076.41
9717.20
5606.26
4179.81
7521.23
8347.91
1830.26
5329.08
726.92
4198.33
3053.94
1587.91
9205.05
4418.69
2993.67
815.97
8594.07
3029.26
4194.44
9933.20
6811.85
8802.72
4311.73
9393.50
6751.44
7984.61
8750.26
2900.01
2169.28
5799.90
3170.52
865.38
5481.20
5165.16
1140.55
5042.51
6458.30
7400.98
8419.75
4866.98
4304.07
5989.45
2489.23
3833.98
981.59
3865.58
412.16
4093.74
516.92
2940.19
1542.89
7658.83
6823.32
366.49
1968.45
8619.93
5477.14
2024.05
5968.47
7898.37
5216.15
4606.83
9176.77
4874.21
1899.81
2131.68
6336.55
1279.58
5128.06
3685.31
3057.48
8813.74
9286.21
2903.89
6962.75
1861.15
4093.98
177.68
3706.45
7704.50
3611.19
4591.53
2380.09
3638.15
9109.02
1473.29
9163.16
535.16
2550.53
2786.18
5593.70
5569.69
3222.17
4485.76
9947.27
4405.25
4831.09
7168.01
9903.59
480.15
457.67
7276.12
1081.41
5515.45
3154.02
9168.83
6852.69
9664.90
16.23
1235.86
9571.92
7305.41
3132.31
5602.78
4230.96
2430.00
9653.21
1934.29
5873.26
7359.26
9083.29
339.06
3809.71
7537.85
7064.92
1541.50
7444.81
3234.13
7782.40
9714.28
7460.18
6622.81
1263.17
3404.03
8529.05
8187.88
7459.81
8660.42
6992.78
127.13
2371.74
8940.50
942.13
5065.03
1771.43
4957.48
8163.44
1350.64
6261.93
2002.41
8597.36
8226.20
1371.58
8920.01
6204.76
6448.13
2495.52
4125.69
5538.07
3061.34
4225.15
5723.80
4464.96
796.84
2484.13
3185.91
2751.68
2281.06
8752.31
7834.52
2512.11
8619.86
6744.39
5261.51
1198.66
6015.10
9573.32
2998.97
90.70
8714.55
1104.89
5741.67
9858.60
1876.39
7258.37
4172.18
2349.94
9957.63
6393.36
8777.04
577.66
8390.86
6536.77
8424.01
3363.64
8259.85
1450.80
6715.68
8053.28
6616.45
8602.41
9317.27
6686.76
1580.61
1806.43
2946.50
9565.10
2476.26
4324.53
3585.32
4429.92
2468.35
9777.44
2704.20
2525.22
6687.07
3563.87
2200.47
8993.33
1.08
9605.30
9378.34
3765.83
8294.84
7271.98
7127.32
9552.10
4065.00
565.29
8253.15
4143.49
98.31
2737.64
49.35
355.40
6368.19
1256.99
6033.66
3996.89
4522.35
6102.60
8117.68
6551.48
8159.98
5021.47
6613.30
8074.42
4402.29
2235.54
8157.22
6469.71
3600.87
8086.16
3714.54
8636.91
3345.01
2251.66
3533.95
1862.54
4835.84
7100.16
6315.74
2128.90
7996.43
8985.04
5195.07
6272.95
6258.04
1433.43
9135.32
3300.14
6668.78
3129.51
2567.69
6922.50
8045.34
3330.90
3939.24
7019.44
6725.72
9879.30
333.79
69.27
9188.30
3618.27
3406.11
1651.73
3045.79
7834.05
6271.78
5074.40
7536.69
5840.66
7896.86
3891.02
8600.56
2076.21
1710.81
8515.90
985.93
8943.90
7715.53
8877.86
2174.18
8700.52
5621.87
4033.80
1360.69
9426.74
7786.45
4560.58
1875.08
6238.69
8888.23
7691.50
9540.01
3434.68
9558.04
5148.52
9623.30
6444.12
4150.59
3802.43
3887.01
1026.61
744.01
3390.93
7405.69
5865.00
8481.42
7054.24
2867.44
320.33
6680.20
3376.41
135
6013.23
7540.60
1896.14
6852.28
9066.30
9233.60
6178.26
4072.88
380.67
5694.12
4539.87
8028.31
6567.08
8058.13
9975.10
4461.20
6224.69
4636.51
853.90
8153.21
2998.68
3638.24
5337.81
6642.33
1754.23
6600.47
4270.25
2465.56
276.03
6448.99
1564.03
1896.37
1477.51
1234.53
3080.36
6734.93
8094.40
8105.01
2288.35
7392.63
6074.82
5305.98
3129.28
6847.70
7218.87
5764.82
2760.55
1612.55
5813.79
3167.06
2181.31
9958.44
5272.28
908.14
6865.24
2030.81
7672.46
4427.08
6179.81
440.77
5781.40
9974.71
1528.17
2484.51
1203.87
7618.56
9901.56
717.72
982.35
7150.95
4119.31
2194.84
8277.15
4113.57
8129.23
8290.31
2440.51
9413.94
6544.89
9277.87
4744.15
7136.82
6636.42
8839.32
7223.79
7538.74
3492.69
2649.13
9474.71
3777.93
4457.80
3978.29
8905.45
6878.19
9983.76
2961.67
1021.59
9498.64
7633.31
5310.25
4460.90
4939.37
115.92
4348.39
2064.63
580.44
6524.84
3687.63
7441.70
8881.67
82.81
9511.55
7671.89
4802.31
3712.72
1351.85
3275.17
7375.20
7630.98
5507.60
5361.13
6691.06
8877.44
7533.63
6625.34
4881.32
3787.31
6107.69
5508.67
830.29
7311.60
6805.31
6921.61
1665.18
2460.64
526
6097.60
2633.79
9535.72
9521.10
4213.04
4788.49
6511.58
7732.41
1419.47
6021.48
8327.70
5995.09
9443.04
6821.13
8274.66
5360.92
8865.03
3268.50
1011.94
7679.63
6678.07
6843.40
7236.31
6235.55
9292.54
6672.59
4105.32
8958.95
899.89
7428.51
9199.88
1053.74
4655.10
7347.94
5708.95
4444.59
7903.98
7130.21
3917.93
9119.36
6767.55
5600.80
803.40
3780.50
7484.16
1693.43
9395.53
7973.63
1145.62
7843.88
8338.80
4372.72
2358.11
4675.04
9262.68
7487.93
2322.98
8339.44
2704.98
7034.55
5641.48
1727.83
1113.12
8154.74
6491.90
6484.56
6405.96
6358.79
107.39
2248.16
5944.61
4101.43
1941.00
5778.98
3611.76
2801.56
1229.52
3605.23
6097.81
2451.94
672.04
3706.54
2753.07
7639.12
3290.99
2842.93
1696.85
9151.25
4110.91
5017.01
6926.98
7345.20
394.77
4582.71
1767.00
197.43
1947.79
5238.42
5322.13
8741.86
235.83
3450.98
7600.37
6490.21
5026.10
5471.01
6907.17
8312.71
1788.16
1961.86
453.05
3104.88
1823.14
8638.18
4477.35
4982.56
2723.87
1993.37
514.53
9565.06
3803.54
685.65
2494.08
8446.68
2001.54
3569.68
5007.35
1315.59
6252.49
3971.31
123.03
3461.90
4595.18
4792.77
6371.24
4675.92
9930.22
9165.67
12.45
6134.47
2403.72
8760.03
4368.09
2824.11
4095.45
194.48
4021.40
5921.68
7040.66
5015.61
1112.20
6206.22
9873.39
3712.19
7522.48
6157.14
5511.62
1334.80
4918.60
4528.81
5832.30
6399.22
9486.60
4869.60
7826.39
6496.34
8001.05
9712.20
9561.85
1696.92
7846.88
9749.35
8023.82
5107.47
9527.27
8090.58
3931.02
581.41
6125.20
4492.50
6514.69
2961.38
8563.92
2570.61
5601.84
2353.07
7925.33
2344.88
7366.24
2601.66
2907.10
3084.56
2735.94
7856.47
5965.53
6122.32
5413.91
3665.05
764.43
9717.19
8993.52
1583.33
964.23
3980.86
7089.02
735.53
5278.90
9873.28
4050.63
3441.55
3894.79
1515.76
716.31
6783.17
444.25
3390.44
8998.44
1444.66
4506.69
8205.53
3145.32
7811.18
2416.87
898.59
7766.75
6030.63
8773.38
5746.48
5920.62
601.81
4948.47
925.25
6179.31
5287.03
1209.83
591.31
6541.86
5601.63
4183.00
7295.11
1065.71
8558.55
3801.09
314.49
8232.83
1272.89
6711.64
1068.94
8705.11
7491.19
5745.58
5622.17
3169.46
8143.66
1174.97
9857.35
7748.05
7132.31
590.48
8078.97
2802.39
4999.50
7073.57
6456.22
4913.28
8502.22
9382.48
9078.51
6649.20
9414.76
9849.91
1405.86
1744.35
7854.48
946.36
9002.28
5918.65
7300.95
1720.12
9214.23
7355.10
8395.22
4502.94
5072.19
9437.32
6225.00
930.55
1550.08
5957.32
2330.14
1027.02
6086.94
1479.14
2906.23
2010.48
6046.65
2920.78
6437.95
6809.84
1695.96
3139.50
8658.80
8071.35
894.54
4530.67
4677.23
7473.89
841.75
2040.83
3921.23
1147.95
8728.09
1854.72
4309.64
8860.56
8513.39
5312.50
8790.37
5414.67
1439.57
3502.12
1622.60
8287.99
2038.52
7619.16
3816.60
9086.52
1975.03
9885.77
1844.29
6332.92
8852.17
6425.15
7001.48
2948.74
3472.35
4562.43
4797.47
8352.96
7682.36
5756.44
3818.22
1935.34
302.94
4688.43
5155.02
8490.77
8215.98
9381.19
9446.58
9641.80
9649.13
1786.48
8536.49
7476.75
7355.34
9408.11
8305.01
5854.96
3260.65
7561.21
4911.58
6368.71
725.54
8000.57
9656.52
8547.34
5197.85
2344.33
6161.63
4372.66
4145.25
4869.81
8525.00
215.08
7648.24
5536.73
1914.24
7574.48
5980.51
7450.90
174.80
9624.15
6895.55
9798.32
31.76
415.50
1978.13
9806.93
4150.71
3017.87
7718.87
3426.22
8806.62
7404.86
5022.74
8686.50
8877.61
6816.96
8420.53
8333.02
3696.19
1312.74
8516.18
5966.15
7966.24
453.21
5254.87
1000.06
2289.60
1742.46
1612.95
6574.96
8034.81
1809.35
5753.07
6014.78
6157.42
28.06
5588.41
563.67
4377.57
963.36
2077.45
6331.43
6301.42
9285.34
6034.25
4290.26
3101.70
6194.68
3675.83
6792.52
4338.60
8778.90
4139.01
5593.11
3639.96
3378.87
6154.24
9729.49
8033.11
4815.37
2608.80
1853.56
4582.35
7998.69
1718.28
1720.16
2156.07
7296.67
2722.53
9869.99
7809.84
2030.46
5051.44
5406.51
6271.61
8996.67
8262.95
4922.32
5579.83
9878.48
9911.17
6695.83
4782.42
9268.24
2611.06
1249.65
8783.37
1169.84
4133.28
8030.08
205.52
795.27
7864.39
4129.84
8037.81
9096.85
4537.42
6484.50
2543.38
1417.27
3081.30
6412.52
9399.57
1980.05
4535.81
8619.24
7750.85
6455.66
1098.63
5462.67
9168.97
1936.25
2341.47
8533.98
9583.21
3414.26
3930.37
2446.38
1275.80
5080.44
6296.04
8251.36
3184.18
6826.24
5580.91
7860.76
2879.79
7092.49
8598.92
7585.55
5217.36
3794.49
6056.14
9154.42
5457.02
9011.11
440.23
9562.26
1503.26
3685.78
2419.68
6463.14
3487.36
932
1505.70
9395.57
9139.23
4620.66
3900.53
4900.56
1078.26
2025.47
6573.87
6333.85
6548.72
931.92
8572.01
2484.79
8497.42
1519.23
1313.06
4528.90
4412.27
1363.36
8197.21
3773.13
2033.75
655.13
6099.08
1086.64
1066.74
8429.64
6478.35
7222.35
410.33
8879.99
3068.24
6306.17
9288.88
5133.81
3627.17
5258.40
5048.99
3812.57
2865.98
355.93
9963.00
3987.25
8753.94
6712.26
7214.96
1706.66
2455.92
573.59
9336.75
4592.53
1999.37
1953.10
1084.86
2371.24
6257.13
8586.02
8375.50
7911.75
5660.71
4531.23
2684.08
9032.91
7652.50
468.74
8666.27
6102.63
5883.23
2997.83
2324.24
5625.95
5948.90
2616.08
8912.92
3183.82
1004.97
9491.73
9944.58
2694.94
3606.98
9312.20
460.95
6679.38
8900.44
4091.77
9814.20
9742.54
1571.69
1095.86
7343.72
4968.24
9929.06
3490.89
4617.74
3764.12
8490.55
5078.07
5381.82
4584.51
8347.19
3739.53
2123.83
5452.80
7862.01
1819.36
7543.10
9287.87
9358.58
659.35
4482.93
6611.39
1218.47
1042.17
5322.19
9750.09
5461.45
3336.14
8716.02
5823.56
3935.19
481.23
6702.75
681.31
8041.85
5483.78
9182.02
8083.52
7769.85
9724.32
4471.04
8060.68
567.10
9750.82
4734.94
4307.08
6968.50
1316.72
4047.61
6254.75
9202.90
3165.07
1387.52
6088.78
616.65
754.87
6584.26
7174.54
8002.89
4763.94
7378.76
9537.85
5367.97
6287.54
1387.71
9772.25
1830.21
5137.12
6737.46
3323.18
411.90
8543.30
6413.31
8366.06
3134.09
3051.99
6425.90
202.55
6429.75
1786.13
2052.48
1868.38
1351.14
1087.98
1949.73
596.18
6697.73
5318.78
2119.65
9890.46
3184.14
86.94
5859.73
2395.67
7484.27
5744.18
5902.40
7566.77
5386.48
7507.92
6912.22
384.10
4051.63
5283.68
8857.18
2721.73
7754.81
4545.96
436.11
155.87
2055.37
2102.31
1722.37
9950.32
5154.16
8261.96
8070.96
1942.97
6920.42
1827.47
6688.47
1578.15
4810.03
382.68
4662.69
5167.37
6194.59
1343.62
1416.73
2383.77
598.92
8695.60
3577.10
4415.40
778.91
5307.51
9010.34
5710.10
6321.45
5364.93
1550.83
5792.16
1505.52
6022.10
5962.07
4573.80
3937.54
3836.62
7503.55
9765.88
2281.99
8326.57
2126.60
351.29
9468.61
8920.60
5512.69
9403.00
3332.93
7992.42
2392.08
7516.21
6834.50
242.06
1425.65
2481.43
8872.61
5858.47
400.87
1748.89
2758.23
6123.82
8852.68
7160.57
4834.82
9919.14
4143.79
5905.30
8790.81
675.68
450.47
4331.35
4208.93
3895.60
3502.11
6849.68
2131.15
6931.09
1009.63
4743.58
5214.11
6720.53
1158.53
4930.01
1177.40
7945.32
8527.25
6487.30
860.37
3639.90
1160.69
1075.77
4365.87
7625.18
5056.51
7044.98
2593.01
8229.41
5455.80
2723.77
7118.26
2569.78
7240.83
5432.90
9762.76
8544.19
3395.68
9634.80
3843.00
9608.41
8512.60
826.94
2237.69
2587.95
7379.96
5017.59
9319.92
4644.86
4866.67
5088.66
9075.76
1333.44
2236.05
9751.76
1028.63
9909.71
2135.54
1854.62
4335.23
6201.18
2222.62
1599.65
2455.50
682.94
3966.27
5080.66
7250.78
4575.80
4726.29
2834.38
3690.72
7122.39
8258.10
6183.79
3982.11
3619.29
6508.80
751.69
9886.36
1771.60
9013.25
304.08
9692.31
6605.38
7692.15
6884.70
7211.95
9665.14
1972.14
6250.83
2708.48
3480.24
9072.44
8938.91
6075.46
681.52
9371.63
1812.61
44.59
6681.09
6288.12
6482.08
4313.18
607.63
8334.42
835.65
9632.78
6113.76
8749.44
3122.19
6508.54
3713.85
4570.92
1138.11
623.77
8573.32
4714.57
7111.09
9605.70
411.69
678.65
3196.44
3511.04
3583.80
689.16
7161.56
1543.12
2532.47
6718.83
6257.61
6592.73
8569.37
4713.26
6470.87
6787.44
2616.13
6074.54
9522.10
5866.85
2011.04
8771.29
6257.18
5641.01
2266.40
1794.92
9702.67
5860.91
6275.00
2116.44
3754.20
8655.51
5567.40
2561.41
2680.74
2827.37
4789.04
4253.48
3303.32
3614.79
3728.94
5161.04
7274.81
4345.92
9568.32
7806.33
5719.15
4147.82
9614.14
1319.24
3575.43
5637.86
6332.94
2950.24
8181.76
2975.81
8152.25
4612.61
3752.66
997.38
5859.64
7562.15
1221.42
1645.01
4173.15
853.92
6431.10
7131.82
5588.17
1063.56
7577.48
5265.12
5631.37
5787.67
1478.65
263.55
8134.69
8489.57
901.06
2144.33
2603.82
9709.50
2921.98
1139.51
591.35
1111.94
8136.13
5311.04
1373.99
5553.30
8526.56
52.07
5519.95
9178.16
6242.74
5347.68
6868.23
7860.33
5580.62
2053.96
2431.07
6695.07
3099.80
2117.24
2121.71
6332.61
6992.29
2194.83
1843.06
6537.74
8254.03
983.16
3136.18
8627.09
1702.47
5206.64
3625.46
3655.59
8567.38
5236.44
6313.28
5376.79
3009.55
6525.33
4268.65
578.69
2830.23
1457.81
4620.90
157.22
3408.06
2505.09
4829.34
9635.28
1794.74
6171.15
6358.77
5656.06
9340.97
9466.74
3744.36
5709.03
4218.14
6456.02
1006.97
1242.82
1942.88
7150.21
6788.59
9106.98
6635.00
1294.86
8948.82
9372.84
4697.78
7706.40
875.88
7668.33
8607.92
6807.04
9217.09
3733.88
8924.45
8463.32
7420.63
5393.21
2384.25
174.93
857.34
253.03
2415.30
4555.11
7983.56
6333.95
4775.29
3925.79
131.62
9050.00
8730.46
6489.48
4822.16
9198.65
7070.57
6463.20
9188.10
702.27
8117.31
6072.30
4464.65
2086.78
6255.96
8362.10
4050.87
1038.71
8982.48
3477.36
2865.21
2049.65
5670.33
3494.17
8093.58
9206.30
716.79
4324.86
6204.11
8421.26
7572.20
5088.90
3879.76
7604.03
5341.11
8135.42
9155.72
8705.94
3519.59
7540.11
1894.71
4206.82
6379.08
6109.86
1613.01
9045.77
5935.54
6825.95
5773.09
8122.62
7450.08
3013.96
8524.64
9843.85
215.91
7707.86
7231.96
6834.37
8678.31
9825.51
7849.10
4211.25
9030.18
4722.04
4369.78
2128.12
2761.05
5014.22
5709.97
1942.39
4117.35
1847.10
5716.65
2156.20
6083.96
765.68
8486.41
7353.30
2530.32
7813.28
4869.70
9148.83
7081.48
9575.14
674.71
1107.50
3960.99
907.18
8119.54
2085.48
3680.61
7964.97
6585.42
6366.40
1926.39
4652.07
2491.43
4006.45
9402.65
7317.40
8167.73
7096.28
6197.85
6706.08
2540.25
6155.65
2349.01
4445.55
2731.22
72.83
5180.76
3255.12
4670.71
4979.42
8528.81
4069.62
5010.08
6619.68
9626.50
736.38
9975.94
1096.99
1911.34
1651.75
1626.63
4578.78
5957.49
1766.80
3529.88
9815.84
4019.55
3329.26
9864.67
9904.68
571.27
5382.34
5105.08
1777.64
9541.48
9976.57
6043.13
618.96
7009.53
7682.05
7566.45
4798.26
1533.52
3078.89
1364.14
503.21
3806.86
2388.89
1442.37
1803.37
9611.21
6266.44
7200.46
5280.88
6080.14
477.09
2234.69
3069.05
5252.01
1077.01
1667.65
438.65
8864.54
2567.84
6054.68
9989.55
3563.90
4142.34
1156.06
1814.33
6918.27
1621.19
699.97
4192.89
735.87
8610.13
5596.17
8114.35
983.21
7694.52
8209.41
955.87
6177.22
6252.75
2464.92
4469.40
9720.73
6115.54
850.26
5263.44
9672.86
4469.02
9168.97
400.64
8016.92
1714.62
9950.14
5866.61
7141.51
1901.23
9728.56
8475.95
5509.44
9542.19
5254.60
648.01
6116.23
2096.11
952.19
4437.77
2919.54
5679.76
6568.06
3774.71
9308.92
2559.91
5755.27
9709.65
8600.06
1006.27
7632.65
9124.06
8018.95
4450.27
5201.42
8514.74
6867.74
5597.79
5200.59
4548.14
3297.04
4467.27
8362.65
9398.82
1214.01
6233.90
1041.19
2544.20
8456.49
2114.45
4492.59
243.30
8450.56
8798.87
7394.39
906.36
1300.97
3862.42
2479.00
400.08
2956.03
8533.22
2565.17
2231.53
1922.70
6284.84
3205.61
4193.27
8299.25
7272.93
8696.44
6253.63
4112.32
9336.01
2305.92
1629.36
9113.35
9619.75
2804.86
6393.34
1146.75
2172.48
9688.93
4823.64
1783.32
3698.24
5601.99
9507.38
5397.80
6368.86
3507.47
9356.84
8654.45
3963.30
9887.60
3430.47
351.94
7737.25
7621.34
6998.29
3586.05
5967.28
1454.44
8218.48
7245.87
4825.29
9576.71
2542.81
5603.53
2955.61
397.91
5830.82
870.54
8203.77
4614.05
1315.22
5401.00
6384.89
1799.45
3752.59
3232.66
2068.70
9083.86
2137.48
9001.27
2696.08
1309.78
4626.05
6400.36
3152.79
8327.42
2386.09
1861.29
5720.62
2047.99
9903.18
965.51
296.37
5615.09
2517.86
6956.13
3661.49
322.77
8389.11
3683.04
2492.91
9231.64
4763.23
1363.42
7572.54
7203.72
2699.75
2507.57
250.91
4295.82
191.08
2320.28
4892.75
6557.24
1571.45
4698.44
4083.84
8256.86
4773.03
4901.74
1447.23
2513.01
2718.07
751.71
3149.13
5596.14
4206.54
4951.93
450
8041.74
9559.79
2785.55
7484.45
9734.60
4410.01
3213.37
9997.88
8721.32
5990.94
8156.64
6179.15
3147.63
6460.67
765.86
2225.35
3763.16
4495.06
4809.80
7322.28
7731.52
9476.07
8740.23
1748.85
8296.39
9663.78
7765.02
9979.57
876.98
1598.88
4291.44
4726.39
9311.93
5873.52
3850.28
4522.64
664.56
3213.20
1574.72
9297.52
9995.95
7660.24
9028.86
8192.90
2596.94
7360.47
6190.92
7173.86
3978.32
5633.55
4035.66
3454.56
497.66
1004.81
8600.76
9624.02
5735.30
7884.77
6477.01
8068.08
8339.37
3731.63
8993.24
5491.83
9890.96
2844.42
9528.94
3232.40
9520.32
1969.55
4529.90
940.32
6717.05
9534.06
9540.87
5500.27
4723.91
3463.64
8180.14
3890.39
5874.83
2310.05
9170.54
8418.83
2610.42
6757.45
1556.18
8131.21
5333.42
8397.74
1622.21
6386.03
4673.39
3462.36
2023.29
3193.40
6445.96
489.27
9686.23
7309.24
8326.56
8686.87
194.36
5110.09
5971.29
7741.24
6830.04
3592.24
6935.01
2499.28
4854.53
5283.29
1019.10
2810.20
2796.88
3141.71
3234.06
5994.97
3799.98
4875.25
1817.21
2670.63
7132.64
635.90
6198.01
7646.70
4118.37
2872.38
3862.16
2634.50
7033.85
2295.52
7885.00
1538.86
1755.08
789.07
9631.11
6895.93
4726.66
2819.92
3060.27
754.50
4223.73
920.85
6448.59
1574.73
4383.83
9430.69
6264.10
5770.36
8245.65
1960.82
8507.61
3752.71
9523.60
9199.56
2836.92
3425.92
2445.00
6366.20
4068.34
3019.61
3748.63
7641.10
8068.49
8513.38
9721.97
3834.71
6778.64
62.07
531.67
9082.56
5046.98
4449.58
8335.64
1291.61
3525.66
7995.97
3443.60
1702.82
4558.05
9080.15
9219.77
7867.12
9967.03
6391.29
6343.73
9886.65
7289.39
6098.33
1496.78
2889.14
5654.35
845.49
7975.09
6114.81
5264.98
3035.32
2647.78
11.05
7173.19
1308.49
3087.94
9968.77
643.19
9756.17
8733.77
4570.35
2462.65
1713.48
3931.19
717.83
6776.54
1161.27
5844.24
5552.44
3838.94
2537.57
8169.31
9126.34
6077.40
4420.45
8752.74
2530.48
1343.85
107.22
8296.07
9017.70
7539.71
3419.04
2905.78
8173.84
877.95
8087.26
8774.00
3908.60
7236.76
734.96
3474.72
6574.06
1984.78
633.39
2839.36
8026.58
7930.19
1344.47
7915.98
7013.34
9870.31
8642.51
2751.43
3685.82
2083.11
6099.91
1467.55
2408.94
3284.91
4503.37
8004.10
1570.60
3604.02
2977.40
7511.06
4184.39
5705.46
1199.28
6321.70
2421.14
2872.36
3363.11
4074.66
823.13
8172.24
4750.54
5619.94
6147.99
3320.77
7841.92
582.88
2357.43
2099.45
5211.68
3953.05
8069.95
1271.64
1196.99
7317.76
2096.84
6408.67
9554.77
1325.17
5964.50
6860.86
6361.77
2606.85
3400.22
6442.88
9462.83
3071.28
2416.36
6769.53
4974.53
8767.96
3200.75
830.42
564.31
1743.56
3818.11
5869.82
1601.45
4958.99
5100.84
1462.02
6358.87
4809.79
4356.46
934.02
1649.66
8868.45
7393.92
688.29
3319.51
7131.28
9982.14
9886.30
5683.61
6331.69
9717.93
6396.34
6448.31
103.98
124.31
6385.27
6949.04
1161.28
9248.48
5157.60
7889.76
5389.03
3974.67
7168.73
5230.27
1474.68
6365.50
3147.33
8255.54
1795.51
705.14
3605.18
992.29
7991.82
5364.20
565.34
7545.84
8954.99
5512.73
1554.25
4288.88
9395.52
2596.04
4386.82
523.85
5000.68
2220.03
1486.19
680.72
3615.30
6750.10
8930.37
5434.94
4479.75
3196.27
2839.29
3601.36
3541.09
8311.93
627.12
2655.10
7065.96
863.60
1807.89
1473.97
6483.23
6530.85
8459.24
4918.65
6462.61
1065.00
476.38
38.70
2819.65
47.81
6449.09
9939.82
497.90
546.90
6459.46
9013.84
7372.31
2484.50
2627.71
311.68
7109.80
7663.74
9087.93
1316.10
1112.56
2245.74
2465.97
2725.95
2667.67
8227.07
3010.86
9976.30
5673.03
4580.03
2774.14
2572.13
5129.07
5596.44
2727.78
292.70
678.45
3106.49
9790.84
1382.76
839.83
6606.87
7265.41
302.17
4851.50
6581.25
6901.45
9720.79
1429.08
3390.46
8216.86
2114.96
8568.59
3551.89
3016.61
8338.18
355.84
6759.19
8951.33
4655.88
1225.22
8225.86
6602.72
1269.08
0
